% 
% Image: D1_iphone.JPG
% iPhone5
%

% RGB values used to calculate RGB->XYZ transform 
RGB = [ 
        124.024,    122.161,    120.292;    % A3 - GRAY
        116.716,     23.135,    129.167;    % B4 - PURPLE/RED
         78.539,    161.335,    206.920;    % C5 - SKY BLUE
         76.767,    170.688,    107.359;    % C9 - FOREST GREEN
        211.360,    145.929,    124.244;    % D8 - SKIN
        244.955,    124.914,     54.407;    % E3 - ORANGE
         52.385,     80.910,    174.419;    % F3 - BLUE/PURPLE
        207.593,    206.325,    204.460;    % F5 - GRAY/WHITE
         91.068,    124.334,    165.844;    % G2 - HOUSE BLUE
        220.635,     81.829,     95.069;    % G3 - RED/PINK
        168.320,    167.733,    167.079;    % G5 - GRAY
        153.928,     98.078,     67.688;    % G7 - BROWN
        254.064,    210.133,     53.431;    % H4 - YELLOW
         36.575,    148.134,     39.669;    % H9 - GREEN
        134.998,    127.288,    186.619;    % I2 - PERIWINKLE
        172.360,    204.977,     74.604;    % I3 - LIGHT-GREEN/YELLOW
         90.747,     91.167,     90.977;    % I5 - GRAY
        102.412,    208.748,    186.067;    % J2 - AQUA
        249.755,    165.608,     46.559;    % J3 - ORANGE/YELLOW
          6.350,    140.635,    176.123;    % J4 - BLUE/GREEN
         48.189,     48.892,     51.572;    % J5 - BLACK
        235.593,    128.023,    151.718;    % L4 - PINK/SKIN
        211.017,     28.027,     48.983;    % M4 - RED
        253.469,    254.298,    249.577;    % N1 - WHITE
        ];
    
% RGB values used to test calculated RGB->XYZ transform           
RGB_test = [   
                154.963,     48.582,    104.472;    % B2 - PINK/PURPLE
                 12.616,    123.734,    199.648;    % B5 - SKY BLUE
                 41.661,    165.814,    191.054;    % B6 - BLUE/GREEN
                109.514,     91.124,    167.921;    % C3 - PURPLE/BLUE
                105.339,    150.744,    206.342;    % C7 - PERIWINKLE
                 13.865,    144.284,     88.753;    % D9 - FOREST GREEN
                 15.783,     31.239,    131.492;    % E4 - BLUE
                 32.930,     35.860,     41.741;    % E6 - BLACK
                244.782,    178.181,    149.399;    % E7 - SKIN
                 68.564,    160.660,     75.863;    % F4 - GREEN
                127.963,    127.715,    126.674;    % H5 - GRAY
                127.940,     71.992,     44.887;    % I8 - BROWN
                253.788,    254.134,    250.876;    % J1 - WHITE
                233.175,    232.961,    230.924;    % J6 - WHITE/GRAY
                186.097,    230.712,    235.399;    % K5 - BLUE/WHITE
                185.345,    184.247,    182.453;    % K6 - GRAY
                120.180,    120.609,    117.526;    % K10 - GRAY
                227.213,     37.421,     43.736;    % L3 - RED
                244.811,    131.980,    128.411;    % L5 - PINK/SKIN
                254.776,    108.637,     38.218;    % L6 - ORANGE
                253.150,     55.416,     54.320;    % M5 - RED/ORANGE
                254.685,    191.128,     41.946;    % M6 - YELLOW
                254.583,    205.097,     21.953;    % M7 - YELLOW
                180.295,    192.468,     30.187;    % M8 - YELLOW/GREEN
                ];

% RGB gray scale values used to calculate inverse gamma            
gamma_RGB = [
              248.470,  247.854,  243.386;      % E5 - OUTER WHITE
              233.211,  233.007,  230.960;      % J6
              207.570,  206.329,  204.450;      % F5
              198.832,  196.225,  194.550;      % I6
              185.325,  184.377,  182.539;      % K6
              168.343,  167.728,  167.084;      % G5
              153.588,  152.948,  152.115;      % H6
              127.961,  127.678,  126.708;      % H5 - OUTER GRAY
              113.365,  114.101,  112.939;      % K7
              100.261,  100.420,  100.273;      % G6
               90.630,   91.137,   90.855;      % I5
               75.812,   76.840,   80.071;      % F6
               47.737,   48.924,   48.498;      % K8
               47.972,   48.762,   51.443;      % J5
               33.070,   36.005,   42.170;      % E6 - OUTER BLACK
             ];
    
