%
% Image: C3_android.jpg
% Samsung Galaxy 3
%

% RGB values used to calculate RGB->XYZ transform
RGB = [
        99.897,    102.651,    107.413;  % A3 - GRAY
        98.192,     42.871,    119.550;  % B4 - PURPLE/RED
        66.140,    143.938,    203.699;  % C5 - SKY BLUE
        45.961,    142.362,     97.609;  % C9 - FOREST GREEN
       172.489,    122.444,    115.753;  % D8 - SKIN
       186.870,     90.077,     29.941;  % E3 - ORANGE
        50.767,     73.448,    163.332;  % F3 - BLUE/PURPLE
       167.457,    176.057,    185.666;  % F5 - GRAY/WHITE
        66.914,     99.864,    153.766;  % G2 - HOUSE BLUE
       168.176,     59.134,     70.943;  % G3 - RED/PINK
       128.954,    136.570,    146.875;  % G5 - GRAY
       115.241,     65.390,     50.615;  % G7 - BROWN
       192.689,    161.286,     20.030;  % H4 - YELLOW
         8.283,    108.825,     23.379;  % H9 - GREEN
        99.091,    106.860,    162.773;  % I2 - PERIWINKLE
       113.692,    154.207,     39.656;  % I3 - LIGHT-GREEN/YELLOW
        59.054,     61.169,     66.041;  % I5 - GRAY
        73.993,    169.535,    172.778;  % J2 - AQUA
       184.587,    123.080,     27.756;  % J3 - ORANGE/YELLOW
        13.796,    118.671,    174.917;  % J4 - BLUE/GREEN
        33.367,     36.056,     41.387;  % J5 - BLACK
       178.786,    108.517,    136.189;  % L4 - PINK/SKIN
       167.958,     44.063,     55.593;  % M4 - RED
       203.834,    215.815,    220.349;  % N1 - WHITE
    ];

% RGB values used to test calculated RGB->XYZ transform
RGB_test = [
            120.627,     48.503,     88.506;   % B2 - PINK/PURPLE
             34.685,    119.910,    204.746;   % B5 - SKY BLUE
             43.919,    148.439,    196.692;   % B6 - BLUE/GREEN
             88.390,     83.343,    150.789;   % C3 - PURPLE/BLUE
             89.989,    137.160,    205.500;   % C7 - PERIWINKLE
              3.866,    119.211,     81.230;   % D9 - FOREST GREEN
             29.172,     45.085,    131.279;   % E4 - BLUE
             24.581,     24.581,     26.581;   % E6 - BLACK
            200.226,    149.310,    138.395;   % E7 - SKIN
             33.314,    119.391,     51.161;   % F4 - GREEN
             90.206,     94.396,    100.200;   % H5 - GRAY
             89.667,     44.379,     28.950;   % I8 - BROWN
            202.512,    213.518,    219.019;   % J1 - WHITE
            185.683,    196.985,    206.206;   % J6 - WHITE/GRAY
            146.545,    193.110,    213.383;   % K5 - BLUE/WHITE
            143.997,    153.532,    165.199;   % K6 - GRAY
             87.012,     94.101,    101.128;   % K10 - GRAY
            179.848,     48.203,     45.348;   % L3 - RED
            185.125,    105.530,    112.257;   % L5 - PINK/SKIN
            204.444,     78.873,     24.186;   % L6 - ORANGE
            199.913,     55.933,     47.423;   % M5 - RED/ORANGE
            210.666,    145.747,     22.267;   % M6 - YELLOW
            194.184,    157.876,      3.130;   % M7 - YELLOW
            127.003,    145.198,     10.041;   % M8 - YELLOW/GREEN    
    ];

% RGB gray scale values used to calculate inverse gamma
gamma_RGB = [
              202.812,  211.846,    216.829;   % E5 - OUTER WHITE
              185.957,  196.877,    206.259;   % J6
              167.477,  176.130,    185.605;   % F5
              155.026,  163.905,    174.637;   % I6
              144.161,  153.504,    165.492;   % K6
              128.924,  136.440,    146.969;   % G5
              115.181,  123.285,    132.674;   % H6
               89.897,   94.489,    100.235;   % H5 - OUTER GRAY
               78.957,   83.405,     89.593;   % K7
               67.530,   70.854,     76.181;   % G6
               59.010,   61.255,     66.131;   % I5
               50.629,   52.022,     56.683;   % F6
               33.802,   34.049,     36.179;   % K8
               33.720,   36.443,     41.925;   % J5
               25.089,   25.089,     27.095;   % E6 - OUTER BLACK    
    ];
