%
% Image: B2_android.jpg
% Samsung Galaxy S3
%

% RGB values used to calculate RGB->XYZ transform
RGB = [
        137.664,    136.927,    132.900;   % A3 - GRAY
        144.369,     42.039,    150.049;   % B4 - PURPLE/RED
         96.804,    198.476,    236.512;   % C5 - SKY BLUE
        101.249,    196.965,    237.022;   % C9 - FOREST GREEN
        234.041,    177.666,    155.841;   % D8 - SKIN
        241.152,    129.121,      2.017;   % E3 - ORANGE
         59.647,    101.476,    205.409;   % F3 - BLUE/PURPLE
        226.764,    227.952,    222.954;   % F5 - GRAY/WHITE
         87.280,    140.305,    189.142;   % G2 - HOUSE BLUE
        230.317,     78.425,     83.662;   % G3 - RED/PINK
        193.536,    195.275,    190.275;   % G5 - GRAY
        174.404,    174.404,    106.368;   % G7 - BROWN
        245.614,    217.619,      0.000;   % H4 - YELLOW
         31.985,    168.484,     24.866;   % H9 - GREEN
        152.006,    148.508,    199.038;   % I2 - PERIWINKLE
        179.978,    208.256,     24.634;   % I3 - LIGHT-GREEN/YELLOW
         91.206,     91.269,     87.046;   % I5 - GRAY
        104.024,    217.680,    202.523;   % J2 - AQUA
        239.175,    174.141,      0.000;   % J3 - ORANGE/YELLOW
          .0331,    168.246,    211.289;   % J4 - BLUE/GREEN
         40.617,     40.271,     38.114;   % J5 - BLACK
        234.555,    150.832,    171.856;   % L4 - PINK/SKIN
        228.863,     28.546,     47.932;   % M4 - RED
        248.614,    250.315,    246.498;   % N1 - WHITE
    ];

% RGB values used to test calculated RGB->XYZ transform
RGB_test = [
            175.762,     39.678,    105.804;   % B2 - PINK/PURPLE
             41.641,    168.578,    235.521;   % B5 - SKY BLUE
             68.117,    201.367,    230.674;   % B6 - BLUE/GREEN
            128.999,    109.668,    190.266;   % C3 - PURPLE/BLUE
            142.035,    195.170,    238.042;   % C7 - PERIWINKLE
             12.316,    177.050,    115.608;   % D9 - FOREST GREEN
             17.109,     50.875,    166.094;   % E4 - BLUE
             28.418,     27.852,     23.896;   % E6 - BLACK
            249.080,    210.109,    178.611;   % E7 - SKIN
             41.583,    169.618,     47.255;   % F4 - GREEN
            144.192,    144.878,    138.304;   % H5 - GRAY
            147.712,     80.215,     38.493;   % I8 - BROWN
            248.581,    250.064,    245.064;   % J1 - WHITE
            242.416,    243.207,    240.461;   % J6 - WHITE/GRAY
            211.374,    239.136,    240.137;   % K5 - BLUE/WHITE
            208.925,    209.738,    205.059;   % K6 - GRAY
            153.624,    151.218,    144.313;   % K10 - GRAY
            237.820,     28.938,     35.411;   % L3 - RED
            240.386,    103.037,     93.957;   % L5 - PINK/SKIN
            254.185,    122.015,     17.569;   % L6 - ORANGE
            252.789,     64.857,     58.377;   % M5 - RED/ORANGE
            254.996,    205.809,      .0164;   % M6 - YELLOW
            247.388,    216.323,      0.000;   % M7 - YELLOW
            199.232,    205.992,      0.000;   % M8 - YELLOW/GREEN    
    ];

% RGB gray scale values used to calculate inverse gamma
gamma_RGB = [
              250.338,  251.408,    246.408;   % E5 - OUTER WHITE
              242.474,  243.131,    240.471;   % J6
              226.835,  227.962,    222.970;   % F5
              219.789,  220.799,    215.799;   % I6
              208.883,  209.687,    205.150;   % K6
              193.585,  195.202,    190.202;   % G5
              179.839,  181.106,    176.106;   % H6
              144.009,  144.713,    138.017;   % H5 - OUTER GRAY
              131.955,  131.459,    126.945;   % K7
              111.527,  112.498,    107.729;   % G6
               91.223,   91.313,     87.120;   % I5
               80.251,   79.555,     75.357;   % F6
               60.968,   58.100,     53.073;   % K8
               40.790,   40.354,     38.246;   % J5
               28.504,   27.977,     24.048;   % E6 - OUTER BLACK    
    ];