%
% Image: B3_android.jpg
% Samsung Galaxy S3
%

% RGB values used to calculate RGB->XYZ transform
RGB = [
        128.018,    130.094,    125.113;    % A3 - GRAY
        138.958,     39.006,    142.915;    % B4 - PURPLE/RED
         87.584,    190.560,    231.222;    % C5 - SKY BLUE
         73.162,    192.729,    126.740;    % C9 - FOREST GREEN
        226.909,    169.257,    146.682;    % D8 - SKIN
        235.136,    122.769,      1.956;    % E3 - ORANGE
         52.296,     95.774,    196.710;    % F3 - BLUE/PURPLE
        218.594,    220.769,    215.722;    % F5 - GRAY/WHITE
         78.560,    132.714,    179.388;    % G2 - HOUSE BLUE
        219.278,     71.204,     77.663;    % G3 - RED/PINK
        181.690,    184.678,    179.720;    % G5 - GRAY
        163.319,     98.125,     54.871;    % G7 - BROWN
        238.303,    209.478,      0.000;    % H4 - YELLOW
         17.802,    160.772,     21.184;    % H9 - GREEN
        138.609,    138.898,    188.427;    % I2 - PERIWINKLE
        167.403,    200.226,     21.964;    % I3 - LIGHT-GREEN/YELLOW
         81.916,     83.345,     80.872;    % I5 - GRAY
         94.963,    210.147,    193.240;    % J2 - AQUA
        232.554,    165.898,      0.000;    % J3 - ORANGE/YELLOW
          0.000,    160.510,    203.666;    % J4 - BLUE/GREEN
         33.154,     35.166,     34.194;    % J5 - BLACK
        228.755,    143.900,    164.333;    % L4 - PINK/SKIN
        222.235,     28.779,     46.117;    % M4 - RED
        244.570,    246.705,    243.198;    % N1 - WHITE
    ];

% RGB values used to test calculated RGB->XYZ transform
RGB_test = [
            169.198,     35.842,     97.220;   % B2 - PINK/PURPLE
             25.839,    163.135,    231.926;   % B5 - SKY BLUE
             50.201,    194.876,    223.945;   % B6 - BLUE/GREEN
            120.211,    104.395,    181.008;   % C3 - PURPLE/BLUE
            127.636,    185.896,    231.753;   % C7 - PERIWINKLE
              1.657,    167.849,    108.081;   % D9 - FOREST GREEN
             13.034,     46.262,    157.162;   % E4 - BLUE
             18.277,     18.904,     17.156;   % E6 - BLACK
            242.493,    202.797,    168.887;   % E7 - SKIN
             33.805,    158.818,     42.942;   % F4 - GREEN
            131.760,    134.202,    128.496;   % H5 - GRAY
            136.081,     72.127,     31.870;   % I8 - BROWN
            242.827,    244.827,    239.827;   % J1 - WHITE
            235.264,    240.223,    236.237;   % J6 - WHITE/GRAY
            202.878,    234.176,    236.021;   % K5 - BLUE/WHITE
            200.665,    202.693,    198.970;   % K6 - GRAY
            143.760,    144.634,    137.304;   % K10 - GRAY
            231.842,     29.328,     33.013;   % L3 - RED
            234.611,    145.130,    136.152;   % L5 - PINK/SKIN
            251.410,    114.915,     10.333;   % L6 - ORANGE
            249.057,     62.135,     53.800;   % M5 - RED/ORANGE
            252.843,    201.855,      0.000;   % M6 - YELLOW
            243.392,    211.971,      0.000;   % M7 - YELLOW
            188.055,    201.201,      0.000;   % M8 - YELLOW/GREEN    
    ];

% RGB gray scale values used to calculate inverse gamma
gamma_RGB = [
              244.656,  246.656,    241.656;   % E5 - OUTER WHITE
              235.328,  240.328,    236.328;   % J6
              218.707,  220.800,    215.789;   % F5
              210.917,  213.671,    208.457;   % I6
              200.719,  202.764,    198.986;   % K6
              181.877,  184.720,    179.774;   % G5
              167.879,  171.911,    166.486;   % H6
              131.800,  134.230,    128.553;   % H5 - OUTER GRAY
              120.119,  123.541,    118.388;   % K7
               98.054,  102.740,     98.556;   % G6
               81.902,   83.193,     80.885;   % I5
               67.255,   69.516,     66.661;   % F6
               23.357,   24.114,     24.545;   % K8
               33.417,   35.417,     34.417;   % J5
               19.108,   19.340,     17.879;   % E6 - OUTER BLACK    
    ];
