%
% Image: M1_android.jpg
% Samsung Galaxy S3
%

% RGB values used to calculate RGB->XYZ transform
RGB = [
        137.221,    147.658,    151.740;   % A3 - GRAY
        144.382,     61.067,    171.851;   % B4 - PURPLE/RED
        100.145,    197.112,    248.219;   % C5 - SKY BLUE
         74.264,    195.323,    136.636;   % C9 - FOREST GREEN
        217.872,    178.931,    164.475;   % D8 - SKIN
        227.274,    131.815,     18.383;   % E3 - ORANGE
         67.139,    110.703,    220.523;   % F3 - BLUE/PURPLE
        212.327,    227.094,    232.213;   % F5 - GRAY/WHITE
         90.247,    145.018,    208.999;   % G2 - HOUSE BLUE
        209.632,     87.326,    106.848;   % G3 - RED/PINK
        174.699,    191.058,    200.991;   % G5 - GRAY
        154.872,    102.573,     71.027;   % G7 - BROWN
        230.853,    211.829,      0.294;   % H4 - YELLOW
         12.994,    157.263,     18.014;   % H9 - GREEN
        136.694,    154.568,    215.940;   % I2 - PERIWINKLE
        156.522,    204.375,     34.508;   % I3 - LIGHT-GREEN/YELLOW
         75.671,     90.691,    101.341;   % I5 - GRAY
         94.482,     217.356,   216.903;   % J2 - AQUA
        223.538,    171.659,      3.863;   % J3 - ORANGE/YELLOW
          3.733,    168.380,    221.624;   % J4 - BLUE/GREEN
         30.269,     43.269,     51.259;   % J5 - BLACK
        216.528,    156.347,    185.240;   % L4 - PINK/SKIN
        206.668,     51.051,     61.567;   % M4 - RED
        239.777,    253.135,    254.435;   % N1 - WHITE
    ];

% RGB values used to test calculated RGB->XYZ transform
RGB_test = [
            167.131,    60.294,     122.207;   % B2 - PINK/PURPLE
             48.535,    173.381,    248.699;  % B5 - SKY BLUE
             66.517,    201.243,    243.466; % B6 - BLUE/GREEN
            125.512,    123.514,    201.823;  % C3 - PURPLE/BLUE
            135.444,    192.392,    250.664;  % C7 - PERIWINKLE
            4.982,      170.908,    113.304; % D9 - FOREST GREEN
             30.618,    60.683,     186.806;   % E4 - BLUE
             19.998,    21.891,     22.556;  % E6 - BLACK
            237.014,    204.948,    190.497;   % E7 - SKIN
             40.611,    167.718,    57.169;   % F4 - GREEN
            125.303,    143.083,    155.114;   % H5 - GRAY
            123.023,    69.689,     42.353;   % I8 - BROWN
            238.698,    251.276,    254.566;   % J1 - WHITE
            227.032,    240.462,    245.179;   % J6 - WHITE/GRAY
            191.984,    237.565,    250.766;   % K5 - BLUE/WHITE
            187.449,    205.409,    218.512;   % K6 - GRAY
            125.604,    141.947,    153.473;   % K10 - GRAY
            215.732,    51.068,     45.402;   % L3 - RED
            223.130,    153.611,    159.361;   % L5 - PINK/SKIN
            237.578,    120.170,    18.844;   % L6 - ORANGE
            233.365,    77.962,     66.028;   % M5 - RED/ORANGE
            242.226,    198.948,    9.304;   % M6 - YELLOW
            232.143,    208.143,    0;   % M7 - YELLOW
            172.367,    197.026,    0.0165;   % M8 - YELLOW/GREEN    
    ];

% RGB gray scale values used to calculate inverse gamma
gamma_RGB = [
              240.693,  251.533,    253.768 ;  % E5 - OUTER WHITE
              227.030,  240.223,    245.652;   % J6
              212.354,  227.132,    232.242;   % F5
              199.312,  215.579,    227.253;   % I6
              187.355,  205.355,    218.576;   % K6
              174.627,  191.207,    201.087;   % G5
              159.041,  177.021,    189.031;   % H6
              124.943,  143.002,    154.770;   % H5 - OUTER GRAY
              108.889,  126.588,    139.114;   % K7
               93.481,  109.963,    120.794;   % G6
               75.608,   90.671,    101.296;   % I5
               66.439,   77.198,     83.323;   % F6
               39.936,   49.056,     53.644;   % K8
               30.283,   43.283,     50.986;   % J5
               19.841,   21.815,     22.745;   % E6 - OUTER BLACK    
    ];