%
% Image: B1_android.jpg
% Samsung Galaxy S3
%

% RGB values used to calculate RGB->XYZ transform
RGB = [
        137.607,     138.247,   132.911;   % A3 - GRAY
        148.440,      42.314,   150.308;   % B4 - PURPLE/RED
         96.804,     198.476,   236.512;   % C5 - SKY BLUE
         82.547,     200.739,   130.394;   % C9 - FOREST GREEN
        233.076,     176.891,   152.560;   % D8 - SKIN
        242.184,     130.321,     3.086;   % E3 - ORANGE
         58.874,     101.527,   203.794;   % F3 - BLUE/PURPLE
        225.684,     226.739,   221.739;   % F5 - GRAY/WHITE
         87.028,     140.073,   188.716;   % G2 - HOUSE BLUE
        229.559,      76.857,    83.383;   % G3 - RED/PINK
        191.042,     192.198,   187.199;   % G5 - GRAY
        171.562,     103.065,    57.467;   % G7 - BROWN
        243.822,     214.885,     0.000;   % H4 - YELLOW
         26.856,     167.874,    23.051;   % H9 - GREEN
        147.607,     144.611,   196.408;   % I2 - PERIWINKLE
        176.577,     205.677,    21.401;   % I3 - LIGHT-GREEN/YELLOW
         87.567,      88.071,    84.317;   % I5 - GRAY
        103.955,     214.953,   200.963;   % J2 - AQUA
        237.402,     171.385,     0.000;   % J3 - ORANGE/YELLOW
         .00316,     166.290,   209.414;   % J4 - BLUE/GREEN
         35.957,      36.702,    35.631;   % J5 - BLACK
        233.333,     148.885,   170.673;   % L4 - PINK/SKIN
        226.790,      26.738,    46.105;   % M4 - RED
        247.546,     249.364,   245.308;   % N1 - WHITE
    ];

% RGB values used to test calculated RGB->XYZ transform
RGB_test = [
            179.010,     39.867,    104.136;   % B2 - PINK/PURPLE
             32.182,    170.301,    237.663;   % B5 - SKY BLUE
             58.067,    202.403,    230.514;   % B6 - BLUE/GREEN
            130.553,    110.649,    189.705;   % C3 - PURPLE/BLUE
            139.231,    193.491,    237.454;   % C7 - PERIWINKLE
              6.509,    175.088,    113.585;   % D9 - FOREST GREEN
             14.338,     50.257,    166.428;   % E4 - BLUE
             22.687,     22.419,     20.421;   % E6 - BLACK
            248.193,    208.879,    175.589;   % E7 - SKIN
             39.941,    168.129,     47.148;   % F4 - GREEN
            139.543,    139.717,    134.284;   % H5 - GRAY
            145.439,     77.003,     35.630;   % I8 - BROWN
            247.947,    249.314,    244.404;   % J1 - WHITE
            241.071,    243.071,    240.068;   % J6 - WHITE/GRAY
            211.033,    238.706,    239.706;   % K5 - BLUE/WHITE
            207.891,    208.689,    204.362;   % K6 - GRAY
            151.993,    151.073,    143.578;   % K10 - GRAY
            235.234,     27.537,     34.062;   % L3 - RED
            239.210,    149.316,    141.674;   % L5 - PINK/SKIN
            253.993,    117.294,     11.674;   % L6 - ORANGE
            252.081,     61.169,     55.788;   % M5 - RED/ORANGE
            254.993,    205.363,      0.000;   % M6 - YELLOW
            247.211,    216.205,      0.000;   % M7 - YELLOW
            197.473,    206.267,      0.000;   % M8 - YELLOW/GREEN    
    ];

% RGB gray scale values used to calculate inverse gamma
gamma_RGB = [
              249.636,  250.928,    254.928;   % E5 - OUTER WHITE
              241.061,  243.061,    240.056;   % J6
              225.661,  226.735,    221.735;   % F5
              218.119,  219.074,    214.443;   % I6
              207.902,  208.727,    204.362;   % K6
              190.967,  192.104,    187.111;   % G5
              177.002,  178.218,    173.218;   % H6
              139.664,  139.749,    134.351;   % H5 - OUTER GRAY
              129.287,  129.338,    124.678;   % K7
              107.115,  108.145,    103.928;   % G6
               87.545,   88.164,     84.159;   % I5
               73.651,   74.893,     69.975;   % F6
               55.971,   54.036,     49.851;   % K8
               35.814,   36.570,     35.540;   % J5
               22.155,   21.906,     20.010;   % E6 - OUTER BLACK    
    ];
