% 
% Image: D2_iphone.JPG
% iPhone5
%

% RGB values used to calculate RGB->XYZ transform
RGB = [ 
        131.995,    131.500,    129.878;    % A3 - GRAY
        129.931,     36.910,    141.601;    % B4 - PURPLE/RED
         87.151,    170.682,    213.447;    % C5 - SKY BLUE
         80.747,    177.123,    112.379;    % C9 - FOREST GREEN
        217.229,    152.789,    130.820;    % D8 - SKIN
        251.870,    132.195,     61.660;    % E3 - ORANGE
        61.085,      88.734,    182.396;    % F3 - BLUE/PURPLE
        215.082,    211.954,    210.547;    % F5 - GRAY/WHITE
        97.730,     130.885,    172.947;    % G2 - HOUSE BLUE
        230.031,     90.534,    102.624;    % G3 - RED/PINK
        174.941,    174.457,    172.809;    % G5 - GRAY
        161.010,    105.683,     74.720;    % G7 - BROWN
        254.494,    216.020,     59.172;    % H4 - YELLOW
        44.944,     155.670,     47.808;    % H9 - GREEN
        142.363,    133.715,    192.044;    % I2 - PERIWINKLE
        178.552,    210.509,     80.105;    % I3 - LIGHT-GREEN/YELLOW
         97.830,     97.926,     97.826;    % I5 - GRAY
        108.783,    214.422,    191.685;    % J2 - AQUA
        254.399,    171.958,     50.446;    % J3 - ORANGE/YELLOW
          8.312,    146.860,    182.577;    % J4 - BLUE/GREEN
         53.814,     54.260,     56.615;    % J5 - BLACK 
        241.095,    134.186,    156.892;    % L4 - PINK/SKIN
        219.181,     33.254,     54.111;    % M4 - RED
        254.897,    254.897,    254.697;    % N1 - WHITE
        ];
    
% RGB values used to test calculated RGB->XYZ transform                                    
RGB_test = [
            165.319,     57.255,    112.980;   % B2 - PINK/PURPLE
             22.083,    134.723,    210.312;   % B5 - SKY BLUE
             50.877,    174.711,    200.301;   % B6 - BLUE/GREEN
            118.258,     99.609,    176.256;   % C3 - PURPLE/BLUE
            112.260,    157.989,    212.452;   % C7 - PERIWINKLE
             18.682,     151.200,    96.694;   % D9 - FOREST GREEN
             22.257,     39.068,    140.683;   % E4 - BLUE
             40.809,     43.740,     49.036;   % E6 - BLACK
            250.992,    184.732,    155.361;   % E7 - SKIN
             75.125,    167.062,     81.369;   % F4 - GREEN
            134.534,    134.300,    133.462;   % H5 - GRAY
            135.164,     79.724,     51.919;   % I8 - BROWN
            254.992,    254.992,    254.992;   % J1 - WHITE
            238.990,    238.865,    236.775;   % J6 - WHITE/GRAY
            192.954,    235.886,    240.907;   % K5 - BLUE/WHITE
            191.458,    190.050,    188.263;   % K6 - GRAY
            127.366,    127.639,    124.656;   % K10 - GRAY
            233.440,     43.007,     48.007;   % L3 - RED
            250.133,    137.883,    134.106;   % L5 - PINK/SKIN
            254.397,    116.699,     42.856;   % L6 - ORANGE
            254.177,     62.439,     60.547;   % M5 - RED/ORANGE
            254.383,    197.561,     45.717;   % M6 - YELLOW
            254.493,    211.029,     25.524;   % M7 - YELLOW
            186.082,    199.023,     32.891;   % M8 - YELLOW/GREEN
            ];

% RGB gray scale values used to calculate inverse gamme
gamma_RGB = [
              253.3425,  254.1840,  248.9565;   % E5 - OUTER WHITE
              239.0115,  238.8585,  236.7675;   % J6
              215.1180,  211.8795,  210.4770;   % F5
              205.2495,  201.8070,  199.8945;   % I6
              191.8110,  190.2555,  188.3685;   % K6
              175.2105,  174.4965,  172.9155;   % G5
              160.0380,  159.6555,  158.1000;   % H6
              134.5125,  134.3085,  133.4670;   % H5 - OUTER GRAY
              119.9265,  120.1050,  118.2945;   % K7
              107.5590,  107.5845,  107.2785;   % G6
               97.8690,   97.9965,   97.8690;   % I5
               83.0280,   83.7165,   87.0825;   % F6
               53.8050,   54.8505,   54.3405;   % K8
               53.8050,   54.2385,   56.5590;   % J5
               40.1880,   43.2990,   48.9600;   % E6 - OUTER BLACK
            ];        
        